%YAML:1.0

Version: 1.0

#--------------------------------------------------------------------------------------------
# tag_relative_pose (quaternion calculated by Matlab)
#--------------------------------------------------------------------------------------------

x_00: 0.00000000
y_00: -0.00000000
z_00: 0.00000000
qw_00: 1.00000000
qx_00: 0.00000000
qy_00: 0.00000000
qz_00: 0.00000000
x_01: -0.00188738
y_01: 1.53553985
z_01: -0.01065190
qw_01: 0.99986140
qx_01: -0.01628875
qy_01: 0.00327924
qz_01: -0.00105523
x_02: 2.61801923
y_02: 0.00012741
z_02: 0.00000000
qw_02: 0.99994677
qx_02: 0.00157662
qy_02: -0.01014256
qz_02: -0.00105034
x_03: 2.61658924
y_03: 1.47980057
z_03: 0.07332305
qw_03: 0.99933094
qx_03: -0.00825148
qy_03: -0.03321042
qz_03: 0.01290916
